                           Logit Regression Results                           
==============================================================================
Dep. Variable:              Churn_Yes   No. Observations:                 7000
Model:                          Logit   Df Residuals:                     6962
Method:                           MLE   Df Model:                           37
Date:                Fri, 06 Oct 2023   Pseudo R-squ.:                     inf
Time:                        04:44:13   Log-Likelihood:                   -inf
converged:                       True   LL-Null:                        0.0000
Covariance Type:            nonrobust   LLR p-value:                     1.000
=========================================================================================================
                                            coef    std err          z      P>|z|      [0.025      0.975]
---------------------------------------------------------------------------------------------------------
Population                             3.182e-07   3.27e-06      0.097      0.922   -6.08e-06    6.72e-06
Children                                  0.4562      0.061      7.479      0.000       0.337       0.576
Age                                      -0.0470      0.006     -7.820      0.000      -0.059      -0.035
Income                                 2.694e-07   1.61e-06      0.168      0.867   -2.88e-06    3.42e-06
Outage_sec_perweek                       -0.0132      0.015     -0.857      0.391      -0.043       0.017
Email                                    -0.0287      0.015     -1.891      0.059      -0.059       0.001
Contacts                                  0.0269      0.046      0.587      0.557      -0.063       0.117
Yearly_equip_failure                      0.0217      0.072      0.302      0.762      -0.119       0.163
Tenure                                    1.0931      0.148      7.390      0.000       0.803       1.383
MonthlyCharge                             0.0804      0.010      8.001      0.000       0.061       0.100
Bandwidth_GB_Year                        -0.0147      0.002     -8.122      0.000      -0.018      -0.011
Area_Suburban                            -0.0235      0.114     -0.207      0.836      -0.247       0.200
Area_Urban                                0.0752      0.112      0.669      0.503      -0.145       0.296
Marital_Married                           0.1263      0.144      0.878      0.380      -0.156       0.408
Marital_Never Married                    -0.0039      0.144     -0.027      0.979      -0.286       0.279
Marital_Separated                         0.1925      0.142      1.352      0.176      -0.087       0.472
Marital_Widowed                           0.2717      0.144      1.887      0.059      -0.010       0.554
Gender_Male                               1.0952      0.153      7.174      0.000       0.796       1.394
Gender_Nonbinary                         -0.3587      0.316     -1.135      0.256      -0.978       0.261
Techie_Yes                                1.1802      0.122      9.668      0.000       0.941       1.420
Contract_One year                        -3.4074      0.152    -22.399      0.000      -3.706      -3.109
Contract_Two Year                        -3.5505      0.151    -23.477      0.000      -3.847      -3.254
Port_modem_Yes                            0.1273      0.092      1.385      0.166      -0.053       0.307
Tablet_Yes                               -0.1018      0.101     -1.010      0.313      -0.299       0.096
InternetService_Fiber Optic              -9.1196      0.943     -9.666      0.000     -10.969      -7.270
InternetService_None                     -6.5156      0.643    -10.139      0.000      -7.775      -5.256
Phone_Yes                                -0.2609      0.160     -1.636      0.102      -0.574       0.052
Multiple_Yes                              0.1685      0.227      0.742      0.458      -0.276       0.614
OnlineSecurity_Yes                        0.8227      0.152      5.420      0.000       0.525       1.120
OnlineBackup_Yes                          0.3742      0.133      2.821      0.005       0.114       0.634
DeviceProtection_Yes                      0.6355      0.114      5.554      0.000       0.411       0.860
TechSupport_Yes                          -0.6104      0.150     -4.070      0.000      -0.904      -0.316
StreamingTV_Yes                           2.8772      0.209     13.794      0.000       2.468       3.286
StreamingMovies_Yes                       2.3287      0.256      9.095      0.000       1.827       2.831
PaperlessBilling_Yes                      0.1301      0.094      1.388      0.165      -0.054       0.314
PaymentMethod_Credit Card (automatic)     0.2686      0.140      1.918      0.055      -0.006       0.543
PaymentMethod_Electronic Check            0.6268      0.127      4.941      0.000       0.378       0.875
PaymentMethod_Mailed Check                0.2915      0.139      2.095      0.036       0.019       0.564
=========================================================================================================