                           Logit Regression Results                           
==============================================================================
Dep. Variable:              Churn_Yes   No. Observations:                 7000
Model:                          Logit   Df Residuals:                     6962
Method:                           MLE   Df Model:                           37
Date:                Tue, 17 Oct 2023   Pseudo R-squ.:                  0.6199
Time:                        01:12:41   Log-Likelihood:                -1538.7
converged:                       True   LL-Null:                       -4047.6
Covariance Type:            nonrobust   LLR p-value:                     0.000
=========================================================================================================
                                            coef    std err          z      P>|z|      [0.025      0.975]
---------------------------------------------------------------------------------------------------------
Population                                0.0056      0.047      0.119      0.905      -0.087       0.098
Children                                  0.6148      0.211      2.915      0.004       0.201       1.028
Age                                      -0.5865      0.216     -2.714      0.007      -1.010      -0.163
Income                                    0.0130      0.045      0.287      0.774      -0.076       0.102
Outage_sec_perweek                       -0.0241      0.046     -0.524      0.601      -0.114       0.066
Email                                    -0.0716      0.046     -1.549      0.121      -0.162       0.019
Contacts                                  0.0286      0.045      0.630      0.529      -0.060       0.117
Yearly_equip_failure                      0.0166      0.046      0.364      0.716      -0.073       0.106
Tenure                                   16.7450      6.778      2.471      0.013       3.461      30.029
MonthlyCharge                             3.2849      0.261     12.598      0.000       2.774       3.796
Bandwidth_GB_Year                       -19.9723      6.832     -2.923      0.003     -33.363      -6.582
Area_Suburban                            -0.0309      0.114     -0.272      0.786      -0.254       0.192
Area_Urban                                0.0653      0.112      0.582      0.561      -0.155       0.285
Marital_Married                           0.1154      0.143      0.804      0.421      -0.166       0.397
Marital_Never Married                    -0.0200      0.144     -0.139      0.889      -0.302       0.262
Marital_Separated                         0.1831      0.142      1.289      0.197      -0.095       0.461
Marital_Widowed                           0.2618      0.144      1.821      0.069      -0.020       0.544
Gender_Male                               0.7429      0.223      3.337      0.001       0.307       1.179
Gender_Nonbinary                         -0.2112      0.322     -0.655      0.512      -0.843       0.420
Techie_Yes                                1.1745      0.122      9.635      0.000       0.936       1.413
Contract_One year                        -3.4150      0.153    -22.320      0.000      -3.715      -3.115
Contract_Two Year                        -3.5596      0.152    -23.397      0.000      -3.858      -3.261
Port_modem_Yes                            0.1310      0.092      1.426      0.154      -0.049       0.311
Tablet_Yes                               -0.1011      0.101     -1.003      0.316      -0.299       0.096
InternetService_Fiber Optic              -6.7220      1.402     -4.793      0.000      -9.471      -3.973
InternetService_None                     -4.2514      1.230     -3.456      0.001      -6.662      -1.841
Phone_Yes                                -0.2658      0.159     -1.673      0.094      -0.577       0.046
Multiple_Yes                             -0.1073      0.130     -0.823      0.410      -0.363       0.148
OnlineSecurity_Yes                        0.4055      0.247      1.644      0.100      -0.078       0.889
OnlineBackup_Yes                         -0.0663      0.210     -0.316      0.752      -0.478       0.345
DeviceProtection_Yes                      0.2078      0.225      0.923      0.356      -0.233       0.649
TechSupport_Yes                          -0.5964      0.105     -5.667      0.000      -0.803      -0.390
StreamingTV_Yes                           1.7408      0.527      3.302      0.001       0.708       2.774
StreamingMovies_Yes                       1.3349      0.429      3.115      0.002       0.495       2.175
PaperlessBilling_Yes                      0.1285      0.094      1.371      0.170      -0.055       0.312
PaymentMethod_Credit Card (automatic)     0.2674      0.140      1.913      0.056      -0.007       0.542
PaymentMethod_Electronic Check            0.6299      0.127      4.973      0.000       0.382       0.878
PaymentMethod_Mailed Check                0.2938      0.139      2.117      0.034       0.022       0.566
=========================================================================================================